     0.00    0.00    0.00
     0.04   94.84  -30.00
     0.08   94.84  -30.00
     0.12   94.83  -30.00
     0.16   94.82  -30.00
     0.20   94.81  -30.00
     0.24   94.80  -30.00
     0.28   94.78  -30.00
     0.32   94.76  -30.00
     0.36   94.74  -30.00
     0.40   94.72  -30.00
     0.44   94.69  -30.00
     0.48   94.66  -30.00
     0.52   94.63  -30.00
     0.56   94.60  -30.00
     0.60   94.56  -30.00
     0.64   94.52  -30.00
     0.68   94.48  -30.00
     0.72   94.44  -30.00
     0.76   94.40  -30.00
     0.80   94.35  -30.00
     0.84   94.30  -30.00
     0.88   94.24  -30.00
     0.92   94.19  -30.00
     0.96   94.13  -30.00
     1.00   94.07  -30.00
     1.04   94.01  -30.00
     1.08   93.94  -30.00
     1.12   93.87  -30.00
     1.16   93.80  -30.00
     1.20   93.73  -30.00
     1.24   93.65  -30.00
     1.28   93.58  -30.00
     1.32   93.50  -30.00
     1.36   93.41  -30.00
     1.40   93.33  -30.00
     1.44   93.24  -30.00
     1.48   93.15  -30.00
     1.52   93.06  -30.00
     1.56   92.96  -30.00
     1.60   92.87  -30.00
     1.64   92.77  -30.00
     1.68   92.66  -30.00
     1.72   92.56  -30.00
     1.76   92.45  -30.00
     1.80   92.34  -30.00
     1.84   92.23  -30.00
     1.88   92.11  -30.00
     1.92   92.00  -30.00
     1.96   91.88  -30.00
     2.00   91.76  -30.00
     2.04   91.63  -30.00
     2.08   91.50  -30.00
     2.12   91.37  -30.00
     2.16   91.24  -30.00
     2.20   91.11  -30.00
     2.24   90.97  -30.00
     2.28   90.83  -30.00
     2.32   90.69  -30.00
     2.36   90.55  -30.00
     2.40   90.40  -30.00
     2.44   90.25  -30.00
     2.48   90.10  -30.00
     2.52   89.94  -30.00
     2.56   89.79  -30.00
     2.60   89.63  -30.00
     2.64   89.47  -30.00
     2.68   89.30  -30.00
     2.72   89.14  -30.00
     2.76   88.97  -30.00
     2.80   88.80  -30.00
     2.84   88.62  -30.00
     2.88   88.45  -30.00
     2.92   88.27  -30.00
     2.96   88.09  -30.00
     3.00   87.90  -30.00
     3.04   87.72  -30.00
     3.08   87.53  -30.00
     3.12   87.34  -30.00
     3.16   87.15  -30.00
     3.20   86.95  -30.00
     3.24   86.75  -30.00
     3.28   86.55  -30.00
     3.32   86.35  -30.00
     3.36   86.14  -30.00
     3.40   85.94  -30.00
     3.44   85.73  -30.00
     3.48   85.51  -30.00
     3.52   85.30  -30.00
     3.56   85.08  -30.00
     3.60   84.86  -30.00
     3.64   84.64  -30.00
     3.68   84.41  -30.00
     3.72   84.19  -30.00
     3.76   83.96  -30.00
     3.80   83.73  -30.00
     3.84   83.49  -30.00
     3.88   83.26  -30.00
     3.92   83.02  -30.00
     3.96   82.78  -30.00
     4.00   82.53  -30.00
     4.04   82.29  -30.00
     4.08   82.04  -30.00
     4.12   81.79  -30.00
     4.16   81.53  -30.00
     4.20   81.28  -30.00
     4.24   81.02  -30.00
     4.28   80.76  -30.00
     4.32   80.50  -29.99
     4.36   80.24  -29.99
     4.40   79.97  -29.99
     4.44   79.70  -29.99
     4.48   79.43  -29.99
     4.52   79.16  -29.99
     4.56   78.88  -29.99
     4.60   78.60  -29.99
     4.64   78.32  -29.98
     4.68   78.04  -29.98
     4.72   77.76  -29.98
     4.76   77.47  -29.98
     4.80   77.19  -29.97
     4.84   76.90  -29.97
     4.88   76.60  -29.96
     4.92   76.31  -29.96
     4.96   76.01  -29.95
     5.00   75.72  -29.95
     5.04   75.42  -29.94
     5.08   75.12  -29.93
     5.12   74.81  -29.92
     5.16   74.51  -29.91
     5.20   74.20  -29.89
     5.24   73.89  -29.88
     5.28   73.58  -29.86
     5.32   73.27  -29.84
     5.36   72.96  -29.82
     5.40   72.64  -29.79
     5.44   72.33  -29.76
     5.48   72.01  -29.73
     5.52   71.69  -29.69
     5.56   71.37  -29.65
     5.60   71.05  -29.60
     5.64   70.73  -29.54
     5.68   70.41  -29.48
     5.72   70.08  -29.41
     5.76   69.76  -29.32
     5.80   69.43  -29.23
     5.84   69.11  -29.12
     5.88   68.78  -29.00
     5.92   68.46  -28.86
     5.96   68.13  -28.71
     6.00   67.80  -28.53
     6.04   67.48  -28.34
     6.08   67.15  -28.11
     6.12   66.83  -27.86
     6.16   66.50  -27.58
     6.20   66.18  -27.27
     6.24   65.85  -26.92
     6.28   65.53  -26.53
     6.32   65.21  -26.10
     6.36   64.89  -25.63
     6.40   64.58  -25.11
     6.44   64.26  -24.54
     6.48   63.95  -23.91
     6.52   63.64  -23.24
     6.56   63.33  -22.52
     6.60   63.03  -21.75
     6.64   62.73  -20.92
     6.68   62.43  -20.06
     6.72   62.14  -19.15
     6.76   61.85  -18.21
     6.80   61.57  -17.25
     6.84   61.29  -16.26
     6.88   61.02  -15.26
     6.92   60.75  -14.27
     6.96   60.50  -13.27
     7.00   60.24  -12.29
     7.04   60.00  -11.34
     7.08   59.76  -10.42
     7.12   59.54   -9.53
     7.16   59.32   -8.68
     7.20   59.11   -7.88
     7.24   58.91   -7.13
     7.28   58.72   -6.43
     7.32   58.55   -5.79
     7.36   58.38   -5.19
     7.40   58.23   -4.64
     7.44   58.10   -4.14
     7.48   57.97   -3.69
     7.52   57.86   -3.28
     7.56   57.77   -2.91
     7.60   57.69   -2.58
     7.64   57.63   -2.28
     7.68   57.58   -2.01
     7.72   57.55   -1.78
     7.76   57.54   -1.57
     7.80   57.55   -1.38
     7.84   57.58   -1.22
     7.88   57.63   -1.07
     7.92   57.70   -0.94
     7.96   57.78   -0.83
     8.00   57.89   -0.73
     8.04   58.02   -0.64
     8.08   58.18   -0.56
     8.12   58.35   -0.49
     8.16   58.55   -0.43
     8.20   58.76   -0.38
     8.24   59.00   -0.33
     8.28   59.26   -0.29
     8.32   59.54   -0.25
     8.36   59.84   -0.22
     8.40   60.17   -0.19
     8.44   60.51   -0.17
     8.48   60.87   -0.15
     8.52   61.27   -0.13
     8.56   61.68   -0.11
     8.60   62.12   -0.10
     8.64   62.58   -0.09
     8.68   63.07   -0.08
     8.72   63.57   -0.07
     8.76   64.08   -0.06
     8.80   64.62   -0.05
     8.84   65.16   -0.05
     8.88   65.72   -0.04
     8.92   66.29   -0.03
     8.96   66.87   -0.03
     9.00   67.46   -0.03
     9.04   68.05   -0.02
     9.08   68.64   -0.02
     9.12   69.23   -0.02
     9.16   69.82   -0.02
     9.20   70.41   -0.01
     9.24   71.00   -0.01
     9.28   71.57   -0.01
     9.32   72.14   -0.01
     9.36   72.70   -0.01
     9.40   73.25   -0.01
     9.44   73.78   -0.01
     9.48   74.30   -0.01
     9.52   74.81   -0.00
     9.56   75.30   -0.00
     9.60   75.77   -0.00
     9.64   76.22   -0.00
     9.68   76.66   -0.00
     9.72   77.07   -0.00
     9.76   77.46   -0.00
     9.80   77.84   -0.00
     9.84   78.19   -0.00
     9.88   78.52   -0.00
     9.92   78.84   -0.00
     9.96   79.13   -0.00
    10.00   79.39   -0.00
    10.04   79.64   -0.00
    10.08   79.87   -0.00
    10.12   80.08   -0.00
    10.16   80.26   -0.00
    10.20   80.43   -0.00
    10.24   80.58   -0.00
    10.28   80.71   -0.00
    10.32   80.82   -0.00
    10.36   80.92   -0.00
    10.40   80.99   -0.00
    10.44   81.05   -0.00
    10.48   81.10   -0.00
    10.52   81.12   -0.00
    10.56   81.14   -0.00
    10.60   81.14   -0.00
    10.64   81.12   -0.00
    10.68   81.10   -0.00
    10.72   81.06   -0.00
    10.76   81.01   -0.00
    10.80   80.95   -0.00
    10.84   80.87   -0.00
    10.88   80.79   -0.00
    10.92   80.70   -0.00
    10.96   80.59   -0.00
    11.00   80.48   -0.00
    11.04   80.37   -0.00
    11.08   80.24   -0.00
    11.12   80.11   -0.00
    11.16   79.97   -0.00
    11.20   79.82   -0.00
    11.24   79.67   -0.00
    11.28   79.51   -0.00
    11.32   79.34   -0.00
    11.36   79.18   -0.00
    11.40   79.00   -0.00
    11.44   78.83   -0.00
    11.48   78.65   -0.00
    11.52   78.46   -0.00
    11.56   78.27   -0.00
    11.60   78.08   -0.00
    11.64   77.89   -0.00
    11.68   77.69   -0.00
    11.72   77.49   -0.00
    11.76   77.29   -0.00
    11.80   77.09   -0.00
    11.84   76.89   -0.00
    11.88   76.68   -0.00
    11.92   76.47   -0.00
    11.96   76.26   -0.00
    12.00   76.05   -0.00
    12.04   75.84   -0.00
    12.08   75.63   -0.00
    12.12   75.42   -0.00
    12.16   75.20   -0.00
    12.20   74.99   -0.00
    12.24   74.78   -0.00
    12.28   74.56   -0.00
    12.32   74.35   -0.00
    12.36   74.13   -0.00
    12.40   73.92   -0.00
    12.44   73.70   -0.00
    12.48   73.49   -0.00
    12.52   73.28   -0.00
    12.56   73.06   -0.00
    12.60   72.85   -0.00
    12.64   72.63   -0.00
    12.68   72.42   -0.00
    12.72   72.21   -0.00
    12.76   72.00   -0.00
    12.80   71.79   -0.00
    12.84   71.58   -0.00
    12.88   71.36   -0.00
    12.92   71.16   -0.00
    12.96   70.95   -0.00
    13.00   70.74   -0.00
    13.04   70.53   -0.00
    13.08   70.32   -0.00
    13.12   70.12   -0.00
    13.16   69.91   -0.00
    13.20   69.71   -0.00
    13.24   69.50   -0.00
    13.28   69.30   -0.00
    13.32   69.10   -0.00
    13.36   68.90   -0.00
    13.40   68.70   -0.00
    13.44   68.50   -0.00
    13.48   68.30   -0.00
    13.52   68.10   -0.00
    13.56   67.91   -0.00
    13.60   67.71   -0.00
    13.64   67.52   -0.00
    13.68   67.32   -0.00
    13.72   67.13   -0.00
    13.76   66.94   -0.00
    13.80   66.75   -0.00
    13.84   66.56   -0.00
    13.88   66.37   -0.00
    13.92   66.18   -0.00
    13.96   65.99   -0.00
    14.00   65.81   -0.00
    14.04   65.62   -0.00
    14.08   65.44   -0.00
    14.12   65.25   -0.00
    14.16   65.07   -0.00
    14.20   64.89   -0.00
    14.24   64.71   -0.00
    14.28   64.53   -0.00
    14.32   64.35   -0.00
    14.36   64.17   -0.00
    14.40   63.99   -0.00
    14.44   63.82   -0.00
    14.48   63.64   -0.00
    14.52   63.47   -0.00
    14.56   63.30   -0.00
    14.60   63.12   -0.00
    14.64   62.95   -0.00
    14.68   62.78   -0.00
    14.72   62.61   -0.00
    14.76   62.44   -0.00
    14.80   62.27   -0.00
    14.84   62.11   -0.00
    14.88   61.94   -0.00
    14.92   61.78   -0.00
    14.96   61.61   -0.00
    15.00   61.45   -0.00
    15.04   61.28   -0.00
    15.08   61.12   -0.00
    15.12   60.96   -0.00
    15.16   60.80   -0.00
    15.20   60.64   -0.00
    15.24   60.48   -0.00
    15.28   60.32   -0.00
    15.32   60.17   -0.00
    15.36   60.01   -0.00
    15.40   59.85   -0.00
    15.44   59.70   -0.00
    15.48   59.55   -0.00
    15.52   59.39   -0.00
    15.56   59.24   -0.00
    15.60   59.09   -0.00
    15.64   58.94   -0.00
    15.68   58.79   -0.00
    15.72   58.64   -0.00
    15.76   58.49   -0.00
    15.80   58.34   -0.00
    15.84   58.19   -0.00
    15.88   58.05   -0.00
    15.92   57.90   -0.00
    15.96   57.76   -0.00
    16.00   57.61   -0.00
    16.04   57.47   -0.00
    16.08   57.33   -0.00
    16.12   57.18   -0.00
    16.16   57.04   -0.00
    16.20   56.90   -0.00
    16.24   56.76   -0.00
    16.28   56.62   -0.00
    16.32   56.48   -0.00
    16.36   56.35   -0.00
    16.40   56.21   -0.00
    16.44   56.07   -0.00
    16.48   55.94   -0.00
    16.52   55.80   -0.00
    16.56   55.67   -0.00
    16.60   55.53   -0.00
    16.64   55.40   -0.00
    16.68   55.26   -0.00
    16.72   55.13   -0.00
    16.76   55.00   -0.00
    16.80   54.87   -0.00
    16.84   54.74   -0.00
    16.88   54.61   -0.00
    16.92   54.48   -0.00
    16.96   54.35   -0.00
    17.00   54.22   -0.00
    17.04   54.10   -0.00
    17.08   53.97   -0.00
    17.12   53.84   -0.00
    17.16   53.72   -0.00
    17.20   53.59   -0.00
    17.24   53.47   -0.00
    17.28   53.35   -0.00
    17.32   53.22   -0.00
    17.36   53.10   -0.00
    17.40   52.98   -0.00
    17.44   52.86   -0.00
    17.48   52.74   -0.00
    17.52   52.62   -0.00
    17.56   52.50   -0.00
    17.60   52.38   -0.00
    17.64   52.26   -0.00
    17.68   52.14   -0.00
    17.72   52.02   -0.00
    17.76   51.90   -0.00
    17.80   51.79   -0.00
    17.84   51.67   -0.00
    17.88   51.56   -0.00
    17.92   51.44   -0.00
    17.96   51.33   -0.00
    18.00   51.21   -0.00
    18.04   51.10   -0.00
    18.08   50.99   -0.00
    18.12   50.87   -0.00
    18.16   50.76   -0.00
    18.20   50.65   -0.00
    18.24   50.54   -0.00
    18.28   50.43   -0.00
    18.32   50.32   -0.00
    18.36   50.21   -0.00
    18.40   50.10   -0.00
    18.44   49.99   -0.00
    18.48   49.88   -0.00
    18.52   49.77   -0.00
    18.56   49.67   -0.00
    18.60   49.56   -0.00
    18.64   49.45   -0.00
    18.68   49.35   -0.00
    18.72   49.24   -0.00
    18.76   49.14   -0.00
    18.80   49.03   -0.00
    18.84   48.93   -0.00
    18.88   48.83   -0.00
    18.92   48.72   -0.00
    18.96   48.62   -0.00
    19.00   48.52   -0.00
    19.04   48.42   -0.00
    19.08   48.31   -0.00
    19.12   48.21   -0.00
    19.16   48.11   -0.00
    19.20   48.01   -0.00
    19.24   47.91   -0.00
    19.28   47.81   -0.00
    19.32   47.71   -0.00
    19.36   47.62   -0.00
    19.40   47.52   -0.00
    19.44   47.42   -0.00
    19.48   47.32   -0.00
    19.52   47.22   -0.00
    19.56   47.13   -0.00
    19.60   47.03   -0.00
    19.64   46.94   -0.00
    19.68   46.84   -0.00
    19.72   46.75   -0.00
    19.76   46.65   -0.00
    19.80   46.56   -0.00
    19.84   46.46   -0.00
    19.88   46.37   -0.00
    19.92   46.28   -0.00
    19.96   46.18   -0.00
    20.00   46.09   -0.00
    20.04   46.00   -0.00
    20.08   45.91   -0.00
    20.12   45.82   -0.00
    20.16   45.73   -0.00
    20.20   45.64   -0.00
    20.24   45.54   -0.00
    20.28   45.46   -0.00
    20.32   45.37   -0.00
    20.36   45.28   -0.00
    20.40   45.19   -0.00
    20.44   45.10   -0.00
    20.48   45.01   -0.00
    20.52   44.92   -0.00
    20.56   44.84   -0.00
    20.60   44.75   -0.00
    20.64   44.66   -0.00
    20.68   44.58   -0.00
    20.72   44.49   -0.00
    20.76   44.40   -0.00
    20.80   44.32   -0.00
    20.84   44.23   -0.00
    20.88   44.15   -0.00
    20.92   44.06   -0.00
    20.96   43.98   -0.00
    21.00   43.90   -0.00
    21.04   43.81   -0.00
    21.08   43.73   -0.00
    21.12   43.65   -0.00
    21.16   43.56   -0.00
    21.20   43.48   -0.00
    21.24   43.40   -0.00
    21.28   43.32   -0.00
    21.32   43.24   -0.00
    21.36   43.16   -0.00
    21.40   43.08   -0.00
    21.44   43.00   -0.00
    21.48   42.92   -0.00
    21.52   42.84   -0.00
    21.56   42.76   -0.00
    21.60   42.68   -0.00
    21.64   42.60   -0.00
    21.68   42.52   -0.00
    21.72   42.44   -0.00
    21.76   42.36   -0.00
    21.80   42.29   -0.00
    21.84   42.21   -0.00
    21.88   42.13   -0.00
    21.92   42.05   -0.00
    21.96   41.98   -0.00
    22.00   41.90   -0.00
    22.04   41.83   -0.00
    22.08   41.75   -0.00
    22.12   41.67   -0.00
    22.16   41.60   -0.00
    22.20   41.52   -0.00
    22.24   41.45   -0.00
    22.28   41.37   -0.00
    22.32   41.30   -0.00
    22.36   41.23   -0.00
    22.40   41.15   -0.00
    22.44   41.08   -0.00
    22.48   41.01   -0.00
    22.52   40.93   -0.00
    22.56   40.86   -0.00
    22.60   40.79   -0.00
    22.64   40.72   -0.00
    22.68   40.65   -0.00
    22.72   40.57   -0.00
    22.76   40.50   -0.00
    22.80   40.43   -0.00
    22.84   40.36   -0.00
    22.88   40.29   -0.00
    22.92   40.22   -0.00
    22.96   40.15   -0.00
    23.00   40.08   -0.00
    23.04   40.01   -0.00
    23.08   39.94   -0.00
    23.12   39.87   -0.00
    23.16   39.80   -0.00
    23.20   39.73   -0.00
    23.24   39.67   -0.00
    23.28   39.60   -0.00
    23.32   39.53   -0.00
    23.36   39.46   -0.00
    23.40   39.39   -0.00
    23.44   39.33   -0.00
    23.48   39.26   -0.00
    23.52   39.19   -0.00
    23.56   39.13   -0.00
    23.60   39.06   -0.00
    23.64   38.99   -0.00
    23.68   38.93   -0.00
    23.72   38.86   -0.00
    23.76   38.80   -0.00
    23.80   38.73   -0.00
    23.84   38.67   -0.00
    23.88   38.60   -0.00
    23.92   38.54   -0.00
    23.96   38.47   -0.00
    24.00   38.41   -0.00
    24.04   38.35   -0.00
    24.08   38.28   -0.00
    24.12   38.22   -0.00
    24.16   38.16   -0.00
    24.20   38.09   -0.00
    24.24   38.03   -0.00
    24.28   37.97   -0.00
    24.32   37.90   -0.00
    24.36   37.84   -0.00
    24.40   37.78   -0.00
    24.44   37.72   -0.00
    24.48   37.66   -0.00
    24.52   37.59   -0.00
    24.56   37.53   -0.00
    24.60   37.47   -0.00
    24.64   37.41   -0.00
    24.68   37.35   -0.00
    24.72   37.29   -0.00
    24.76   37.23   -0.00
    24.80   37.17   -0.00
    24.84   37.11   -0.00
    24.88   37.05   -0.00
    24.92   36.99   -0.00
    24.96   36.93   -0.00
